[[9.5210626325485919e-03]
 [1.0649475905171697e-02]
 [9.9999999963797981e-01]
 [9.9999999972382336e-01]
 [9.9022385889601894e-01]
 [9.9999993938242959e-01]
 [9.9999993558843003e-01]
 [1.2518945111040935e-02]
 [1.0000000000000000e+00]
 [1.3736929914609397e-02]
 [1.0714849649813325e-02]
 [9.9999972689769501e-01]
 [1.2193238777444382e-02]
 [7.1309372954740914e-07]
 [2.3402784327478405e-04]
 [9.9999999992978283e-01]
 [9.9999999969056419e-01]
 [9.9375643458031260e-01]
 [9.8976223708038114e-01]
 [9.9999974120339530e-01]
 [9.9999803627056716e-01]
 [1.0000000000000000e+00]
 [9.8169839142852688e-01]
 [1.4835295528380137e-02]
 [1.0000000000000000e+00]
 [1.0000000000000000e+00]
 [1.0000000000000000e+00]
 [1.0000000000000000e+00]
 [9.9999999999999978e-01]
 [1.0000000000000000e+00]
 [1.0000000000000000e+00]
 [1.0000000000000000e+00]
 [1.0000000000000000e+00]
 [1.0000000000000000e+00]
 [1.0000000000000000e+00]
 [1.0000000000000000e+00]
 [7.4885559416896737e-10]
 [1.9333937780695185e-17]
 [2.6922422479650045e-14]
 [1.6650889736151638e-09]
 [8.3332770555064814e-03]
 [8.4617514822432470e-13]
 [1.3434512762356165e-11]
 [1.2509529474499686e-04]
 [6.5386474233315326e-12]
 [1.0371164973133439e-02]
 [1.8727043615645023e-02]
 [2.1458135629267598e-11]
 [9.9999856317121150e-01]
 [1.0000000000000000e+00]
 [9.9992923927551169e-01]
 [1.5615399131352392e-19]
 [1.0000000000000000e+00]
 [9.9999999998682898e-01]
 [6.0793347425935976e-18]
 [6.5256533457475681e-06]
 [9.9993011536930088e-01]
 [1.0000000000000000e+00]
 [5.6287570394868586e-13]
 [9.9999999995089262e-01]
 [9.9999999974510301e-01]
 [8.7058868631664586e-08]
 [9.8411291750860241e-01]
 [9.9529337006170693e-11]
 [2.4787511055280155e-13]
 [9.9999658877886044e-01]
 [9.8980272751354270e-01]
 [1.0000000000000000e+00]
 [3.2997828239596979e-12]
 [8.1020952921644479e-13]
 [1.0000000000000000e+00]
 [6.0331842303790880e-14]
 [3.6032825538621126e-07]
 [9.9999999027482966e-01]
 [1.4385061811329983e-02]
 [9.9999999999997935e-01]
 [9.9999999997627320e-01]
 [9.2066571720354529e-06]
 [8.1439160539553187e-03]
 [1.2196813329316554e-07]
 [9.9998945192663236e-01]
 [1.0000000000000000e+00]
 [9.9999999999976041e-01]
 [2.3779834366373484e-09]
 [9.9999999999903832e-01]
 [9.9999999991875588e-01]
 [7.9792691358049111e-12]
 [1.1908446492594140e-06]
 [9.9999998641995069e-01]
 [9.9999999998468692e-01]
 [9.9930933327548697e-05]
 [1.1454909197755348e-02]
 [9.9999998534232204e-01]
 [9.9999999919967064e-01]
 [1.0000000000000000e+00]
 [1.4420180950108331e-07]
 [1.0000000000000000e+00]
 [1.0000000000000000e+00]
 [9.9994710768880879e-01]
 [4.7049562417031142e-07]
 [9.9999761445211399e-01]
 [9.9998063134049453e-01]
 [3.7809473286986113e-13]
 [9.4164673982078135e-03]
 [1.5390639291391722e-05]
 [1.0000000000000000e+00]
 [9.9999999999315325e-01]
 [1.3574102175811964e-05]
 [8.0617807304436268e-13]
 [9.9999999999624056e-01]
 [9.9999999999999956e-01]
 [2.1381300111960028e-13]
 [1.1569105344013645e-02]
 [3.8020225250316374e-18]
 [9.9999999646238602e-01]
 [9.8595512812039721e-01]
 [8.1004910650175449e-07]
 [4.0575800810033664e-10]
 [3.7059740945587707e-05]
 [8.7437568928379993e-08]
 [1.0428363407290182e-13]
 [2.6881239951312301e-24]
 [1.0000000000000000e+00]
 [6.2310642871237117e-04]
 [9.9999999492623726e-01]
 [9.9999999999905054e-01]
 [9.9999999999987099e-01]
 [6.2514839562131279e-12]
 [9.9750804802631399e-01]
 [5.5652215834797052e-23]
 [1.0355707558127444e-09]
 [3.9354569311746678e-11]
 [9.8316093756169820e-01]
 [9.8893279789177746e-01]
 [7.4319550722134198e-03]
 [2.9312184525053467e-08]
 [5.2942500436327505e-03]
 [9.9999999997569544e-01]
 [9.9999999999940536e-01]
 [3.7874480806929940e-08]
 [1.3360563381002044e-09]
 [9.9999999997857758e-01]
 [9.9999048801282986e-01]
 [9.9999999994999689e-01]
 [2.9394269228053493e-04]
 [8.8898550997761942e-21]
 [1.4756322667558094e-07]
 [9.9999313892414066e-01]
 [9.9999997049930345e-01]
 [2.8635923241522363e-10]]